vcx
4 10 2 1 0
0 0 0 0 -1 0 0
1 0 1 1 0 0 0
1 0 2 2 6 0 0
1 2 3 3 6 0 0
1 2 4 4 5 0 0
0 0 -1 5 -1 0 0
124.200000 0 1 25 7 530 937 485 892 90 90 580 899 580 962 585 933
307.200000 1 2 25 11 817 630 774 587 86 86 865 594 865 653 870 626
343.200000 2 3 25 13 1672 404 1628 360 89 89 1722 367 1722 429 1727 401
220.200000 3 4 25 11 673 281 633 241 81 81 719 248 719 302 724 278
43.200000 4 0 20 8 850 941 801 892 99 99 905 899 905 971 910 938
69.200000 5 0 20 15 1313 257 1264 208 99 99 1368 215 1368 287 1373 254
62.200000 6 0 20 10 1555 738 1509 692 93 93 1607 699 1607 765 1612 735
280.200000 7 0 20 17 129 596 88 555 83 83 176 562 176 618 181 593
139.200000 8 0 20 9 353 225 305 177 97 97 407 184 407 254 412 222
293.200000 9 0 20 10 1252 781 1209 738 86 86 1300 745 1300 804 1305 777
355.200000 10 5 20 0 1076 454 1030 408 92 92 1127 415 1127 480 1132 450
36.200000 11 5 20 0 145 972 101 928 88 88 194 935 194 996 199 968
0
0
