asf
4 10 0 3 0
0 0 0 0 -1 0 0
1 0 3 1 0 0 0
1 1 4 2 6 0 0
0 0 1 3 9 0 0
1 2 2 4 7 0 0
0 0 -1 5 -1 0 0
187.700000 0 1 50 10 1563 728 1517 682 93 93 1615 689 1615 755 1620 725
310.700000 1 2 6 8 987 353 942 308 90 90 1037 315 1037 378 1042 349
163.700000 2 3 0 6 324 629 279 584 90 90 374 591 374 654 379 625
109.700000 3 4 6 6 231 303 190 262 82 82 277 269 277 324 282 299
269.700000 4 4 7 17 1467 211 1422 166 90 90 1517 173 1517 236 1522 207
262.700000 5 2 8 14 1232 893 1186 847 92 92 1283 854 1283 919 1288 889
295.700000 6 4 6 17 431 969 385 923 93 93 483 930 483 996 488 966
194.700000 7 4 7 10 744 855 696 807 96 96 797 814 797 883 802 851
268.700000 8 4 16 13 1796 951 1750 905 92 92 1847 912 1847 977 1852 947
220.700000 9 0 20 10 607 436 560 389 95 95 660 396 660 464 665 433
8
112.492368 814 3 8 4 1693 2 1723 914 24 24 1735 926
112.492368 798 3 8 4 1693 2 1694 901 24 24 1706 913
112.492368 782 3 8 4 1693 2 1664 889 24 24 1676 901
112.492368 766 3 8 4 1693 2 1635 877 24 24 1647 889
112.492368 750 3 8 4 1693 2 1605 865 24 24 1617 877
112.492368 750 3 8 4 1693 2 1605 865 24 24 1617 877
112.492368 734 3 8 4 1693 2 1576 852 24 24 1588 864
112.492368 734 3 8 4 1693 2 1576 852 24 24 1588 864
0
