asf
4 10 0 3 0
0 0 0 0 -1 0 0
1 0 3 1 0 0 0
1 1 4 2 6 0 0
1 0 1 3 9 0 0
1 2 2 4 7 0 0
0 0 -1 5 -1 0 0
65.000000 0 1 20 10 1563 728 1517 682 93 93 1615 689 1615 755 1620 725
188.000000 1 2 20 8 987 353 942 308 90 90 1037 315 1037 378 1042 349
41.000000 2 3 20 6 324 629 279 584 90 90 374 591 374 654 379 625
347.000000 3 4 20 6 231 303 190 262 82 82 277 269 277 324 282 299
147.000000 4 0 20 17 1467 211 1422 166 90 90 1517 173 1517 236 1522 207
140.000000 5 0 20 14 1232 893 1186 847 92 92 1283 854 1283 919 1288 889
173.000000 6 0 20 17 431 969 385 923 93 93 483 930 483 996 488 966
72.000000 7 0 20 10 744 855 696 807 96 96 797 814 797 883 802 851
146.000000 8 0 20 13 1796 951 1750 905 92 92 1847 912 1847 977 1852 947
98.000000 9 0 20 10 607 436 560 389 95 95 660 396 660 464 665 433
0
0
