wdfawgeahaergd
4 9 3 4 0
0 0 0 0 -1 0 0
1 0 4 1 0 0 0
1 0 1 2 7 0 0
1 2 2 3 3 0 0
1 0 3 4 6 0 0
0 0 -1 5 -1 0 0
296.600000 0 1 2 8 954 550 913 509 82 82 1000 516 1000 571 1005 546
64.600000 1 2 25 11 454 733 410 689 88 88 503 696 503 757 508 729
176.600000 2 3 25 10 434 363 388 317 92 92 485 324 485 389 490 359
258.600000 3 4 25 16 756 856 715 815 82 82 802 822 802 877 807 852
34.600000 4 0 20 8 1609 818 1567 776 84 84 1656 783 1656 840 1661 814
172.600000 5 0 20 13 140 491 92 443 97 97 194 450 194 520 199 488
80.600000 6 0 15 16 1583 367 1542 326 82 82 1629 333 1629 388 1634 363
336.600000 7 0 20 10 1223 738 1183 698 81 81 1269 705 1269 759 1274 735
355.600000 8 0 20 6 1153 313 1109 269 89 89 1203 276 1203 338 1208 310
144.600000 9 5 20 1 151 845 103 797 97 97 205 804 205 874 210 842
298.600000 10 5 20 3 731 265 683 217 97 97 785 224 785 294 790 262
326.600000 11 5 20 2 1809 576 1760 527 98 98 1863 534 1863 605 1868 572
18
73.778279 306 0 6 1 655 0 1529 368 24 24 1541 380
73.778279 290 0 6 1 655 0 1498 376 24 24 1510 388
73.778279 274 0 6 1 655 0 1468 385 24 24 1480 397
73.778279 258 0 6 1 655 0 1437 394 24 24 1449 406
73.778279 242 0 6 1 655 0 1406 403 24 24 1418 415
73.778279 226 0 6 1 655 0 1376 412 24 24 1388 424
73.778279 210 0 6 1 655 0 1345 421 24 24 1357 433
73.778279 194 0 6 1 655 0 1314 430 24 24 1326 442
73.778279 178 0 6 1 655 0 1283 439 24 24 1295 451
73.778279 162 0 6 1 655 0 1253 448 24 24 1265 460
-85.854361 154 0 5 1 816 0 635 516 24 24 647 528
73.778279 146 0 6 1 655 0 1222 457 24 24 1234 469
73.778279 130 0 6 1 655 0 1191 466 24 24 1203 478
73.778279 114 0 6 1 655 0 1160 475 24 24 1172 487
73.778279 98 0 6 1 655 0 1130 484 24 24 1142 496
73.778279 82 0 6 1 655 0 1099 493 24 24 1111 505
73.778279 66 0 6 1 655 0 1068 502 24 24 1080 514
73.778279 50 0 6 1 655 0 1038 511 24 24 1050 523
0
